image_width: 960 #1920
image_height: 540 #1080

fx: 674.55 #1349.1
fy: 665.935 #1331.87
cx: 509.935 #1019.87
cy: 219.607 #439.214

camera_to_imu {
  x: -0.032538
  y: 0.191742
  z: 0.366594

  qw: 0.719878
  qx: -0.693634
  qy: -0.0209653
  qz: 0.0144142
}
